#BLOCK:   ACTUAL_KE:    KE_AVE:      ERROR:
           1     3.02669     3.02669           0
           2     3.19673     3.11171   0.0601179
           3     3.09885     3.10742   0.0402311
           4     2.90379     3.05651   0.0534232
           5     2.71991     2.98919   0.0738401
           6      2.5671     2.91884   0.0889405
           7     2.46207     2.85359   0.0972698
           8     2.38689     2.79525    0.101103
           9     2.33008     2.74357    0.102231
          10     2.29317     2.69853    0.101445
          11     2.27855     2.66035   0.0991473
          12     2.24208     2.62549   0.0968182
          13     2.18273     2.59143   0.0951728
          14     2.16247     2.56079   0.0931765
          15     2.18098     2.53547   0.0903397
          16      2.1792     2.51321   0.0873946
          17     2.17144      2.4931   0.0845344
          18     2.17613     2.47549   0.0816516
          19     2.18054     2.45997    0.078816
          20      2.1997     2.44696    0.075942
          21     2.23263     2.43675   0.0730083
          22     2.21439     2.42664   0.0703859
          23     2.21503     2.41744   0.0679243
          24      2.2245      2.4094   0.0655681
          25     2.21729     2.40172   0.0633941
          26     2.20848     2.39429     0.06139
          27     2.14987     2.38523     0.05978
          28      2.1344     2.37627   0.0583124
          29     2.12088     2.36747   0.0569628
          30     2.11703     2.35912   0.0556723
          31     2.12834     2.35168   0.0543719
          32      2.1275     2.34467   0.0531222
          33     2.09896     2.33722   0.0520316
          34     2.08399     2.32978   0.0510315
          35     2.10209     2.32327   0.0499864
          36     2.12127     2.31766   0.0489118
          37     2.09929     2.31176   0.0479446
          38     2.11231     2.30651   0.0469693
          39     2.11991     2.30172    0.046008
          40     2.13131     2.29746   0.0450547
          41     2.10668     2.29281   0.0441954
          42     2.11354     2.28854   0.0433488
          43     2.09616     2.28407   0.0425709
          44      2.0928     2.27972   0.0418247
          45      2.0945     2.27561   0.0410973
          46     2.11473     2.27211   0.0403524
          47     2.12534     2.26899   0.0396145
          48     2.13864     2.26627   0.0388822
          49     2.13467     2.26358   0.0381813
          50     2.12361     2.26078   0.0375202
          51     2.12709     2.25816    0.036876
          52     2.10437     2.25521   0.0362852
          53     2.12099     2.25267   0.0356888
          54     2.08432     2.24956   0.0351638
          55     2.11169     2.24705   0.0346137
          56     2.10321     2.24448   0.0340908
          57     2.08661     2.24171    0.033605
          58     2.07801     2.23889   0.0331439
          59     2.05521     2.23578   0.0327281
          60     2.02808     2.23231   0.0323651
          61     2.00873     2.22865   0.0320414
          62     2.00016     2.22496   0.0317359
          63     2.02745     2.22183   0.0313866
          64     2.03502     2.21891   0.0310316
          65     2.04252      2.2162   0.0306726
          66     2.02922     2.21336   0.0303384
          67     2.00696     2.21028   0.0300416
          68     1.96647      2.2067    0.029813
          69     1.96148     2.20314    0.029592
          70     1.95684     2.19962   0.0293777
          71     1.95413     2.19617   0.0291667
          72     1.94055     2.19262   0.0289769
          73     1.93509     2.18909   0.0287939
          74      1.9339     2.18564   0.0286105
          75     1.96105     2.18265   0.0283853
          76     1.98147        2.18    0.028135
          77     2.01188     2.17781   0.0278542
          78     1.99365     2.17545    0.027597
          79     1.96329     2.17277    0.027378
          80     1.95736     2.17008   0.0271679
          81     1.93643     2.16719   0.0269852
          82     1.94304     2.16446   0.0267942
          83     1.90933     2.16138   0.0266471
          84     1.91154     2.15841   0.0264953
          85     1.92941     2.15572   0.0263202
          86     1.94012     2.15321   0.0261333
          87     1.91969     2.15052   0.0259704
          88      1.8956     2.14763   0.0258363
          89     1.90383     2.14489   0.0256908
          90     1.90695     2.14224    0.025541
          91      1.9219     2.13982   0.0253749
          92      1.9428     2.13768   0.0251893
          93     1.96334     2.13581   0.0249881
          94     1.96413     2.13398   0.0247889
          95      1.9788     2.13235   0.0245817
          96     1.99617     2.13093   0.0243666
          97     2.00183      2.1296   0.0241517
          98     2.02057     2.12849   0.0239309
          99     2.03175     2.12751   0.0237091
         100     2.02086     2.12644    0.023496
         101     2.01932     2.12538   0.0232872
         102     2.01695     2.12432   0.0230832
         103     2.02908     2.12339   0.0228776
         104     1.99977      2.1222   0.0226885
         105      1.9993     2.12103   0.0225026
         106     2.01592     2.12004   0.0223121
         107     2.04622     2.11935   0.0221143
         108     2.06405     2.11884   0.0219154
         109     2.10647     2.11873   0.0217147
         110     2.04856     2.11809   0.0215266
         111     1.98391     2.11688   0.0213666
         112     2.00009     2.11584   0.0212013
         113     2.00475     2.11485   0.0210364
         114      2.0344     2.11415   0.0208637
         115     1.99885     2.11315   0.0207064
         116     1.97489     2.11195   0.0205621
         117     1.98117     2.11084   0.0204168
         118     1.97805     2.10971   0.0202747
         119     1.98568     2.10867   0.0201311
         120     1.99739     2.10774   0.0199847
         121     2.01438     2.10697   0.0198344
         122     2.02447     2.10629   0.0196834
         123     2.07313     2.10602   0.0195252
         124     2.06241     2.10567   0.0193709
         125     2.05588     2.10527     0.01922
         126     2.02077      2.1046   0.0190792
         127     2.01245     2.10388   0.0189428
         128     2.00614     2.10311   0.0188102
         129     2.00947     2.10239   0.0186783
         130     2.03624     2.10188   0.0185416
         131     2.01227      2.1012   0.0184127
         132     2.02211      2.1006   0.0182829
         133      2.0132     2.09994   0.0181573
         134     2.01404      2.0993   0.0180331
         135     1.99299     2.09851   0.0179167
         136     1.99363     2.09774   0.0178015
         137     2.02215     2.09719   0.0176801
         138     2.02999      2.0967   0.0175587
         139     2.03576     2.09626   0.0174379
         140     2.03732     2.09584   0.0173184
         141     2.04552     2.09548   0.0171992
         142     1.99566     2.09478   0.0170925
         143     1.97646     2.09395    0.016993
         144     1.97134      2.0931   0.0168963
         145     2.00017     2.09246   0.0167919
         146     2.02982     2.09203   0.0166824
         147     2.03367     2.09164   0.0165736
         148     2.01576     2.09112   0.0164696
         149     1.99492     2.09048   0.0163717
         150     2.00921     2.08994   0.0162715
         151     1.99471      2.0893    0.016176
         152      1.9744     2.08855   0.0160872
         153     1.99638     2.08795   0.0159933
         154     1.98244     2.08726   0.0159041
         155     1.97097     2.08651   0.0158192
         156      1.9548     2.08567   0.0157403
         157      1.9552     2.08484    0.015662
         158     1.95047     2.08399   0.0155859
         159     1.96315     2.08323   0.0155064
         160     1.97988     2.08258   0.0154229
         161     1.99047     2.08201   0.0153378
         162     1.98573     2.08141   0.0152546
         163      2.0113     2.08098   0.0151671
         164     2.01038     2.08055   0.0150807
         165     2.01619     2.08016   0.0149943
         166     2.02714     2.07984   0.0149074
         167     1.99174     2.07932   0.0148275
         168     1.98205     2.07874   0.0147505
         169     1.98774      2.0782   0.0146731
         170     2.00842     2.07779   0.0145925
         171     1.99263     2.07729   0.0145157
         172     2.00262     2.07686   0.0144378
         173     1.99113     2.07636   0.0143628
         174     1.98778     2.07585   0.0142893
         175     1.99063     2.07536   0.0142159
         176      2.0097     2.07499     0.01414
         177     2.02802     2.07473   0.0140626
         178     2.02063     2.07442   0.0139869
         179     1.99328     2.07397   0.0139161
         180      1.9868     2.07348   0.0138472
         181     2.01105     2.07314    0.013775
         182     2.02544     2.07288   0.0137018
         183     2.05091     2.07276   0.0136275
         184     2.07608     2.07277   0.0135534
         185     2.05753     2.07269   0.0134804
         186     2.05749     2.07261   0.0134082
         187     2.06988      2.0726   0.0133365
         188     2.07734     2.07262   0.0132656
         189     2.06921      2.0726   0.0131954
         190     2.05787     2.07253   0.0131262
         191     2.01637     2.07223   0.0130608
         192     1.99176     2.07181   0.0129995
         193     1.98798     2.07138   0.0129394
         194     2.00078     2.07101   0.0128778
         195      1.9749     2.07052   0.0128212
         196     1.93821     2.06985   0.0127735
         197        1.94     2.06919   0.0127257
         198     1.97083     2.06869   0.0126711
         199     1.98854     2.06829   0.0126138
         200     1.97617     2.06783   0.0125591
         201      1.9948     2.06746   0.0125019
         202     2.02022     2.06723   0.0124422
         203     2.03708     2.06708   0.0123818
         204     2.00662     2.06679   0.0123247
         205     2.01794     2.06655   0.0122668
         206     2.00379     2.06624   0.0122111
         207     2.00554     2.06595   0.0121556
         208     2.02729     2.06576   0.0120986
         209     2.04909     2.06568    0.012041
         210     2.06411     2.06568   0.0119836
         211     2.04008     2.06555   0.0119274
         212     2.00372     2.06526   0.0118748
         213     1.97379     2.06483   0.0118268
         214     1.96225     2.06435   0.0117812
         215     1.95559     2.06385   0.0117373
         216     1.97303     2.06343   0.0116905
         217      2.0018     2.06314     0.01164
         218     1.98847      2.0628   0.0115917
         219     1.97457      2.0624   0.0115457
         220       1.984     2.06204   0.0114988
         221     1.99712     2.06175   0.0114505
         222     1.97355     2.06135   0.0114058
         223      1.9712     2.06095   0.0113618
         224     2.00824     2.06071   0.0113135
         225     2.04612     2.06065   0.0112634
         226     2.00793     2.06041    0.011216
         227     1.95637     2.05995    0.011176
         228     1.96561     2.05954   0.0111346
         229     1.96669     2.05914   0.0110934
         230     1.97251     2.05876   0.0110515
         231     1.97343     2.05839   0.0110098
         232     1.96357     2.05798     0.01097
         233      1.9608     2.05756   0.0109308
         234     1.97845     2.05723   0.0108893
         235     2.00266     2.05699   0.0108455
         236     2.01838     2.05683   0.0108007
         237      2.0547     2.05682   0.0107552
         238     2.06162     2.05684     0.01071
         239      2.0676     2.05689   0.0106653
         240     2.05737     2.05689   0.0106209
         241     2.05037     2.05686   0.0105768
         242     2.03094     2.05675   0.0105337
         243     2.01417     2.05658   0.0104918
         244     2.00232     2.05636   0.0104511
         245     2.03889     2.05628   0.0104087
         246     2.06546     2.05632   0.0103665
         247     2.08485     2.05644   0.0103251
         248     2.08913     2.05657   0.0102843
         249     2.03978      2.0565   0.0102433
         250      1.9977     2.05627    0.010205
         251     1.99052     2.05601   0.0101677
         252     2.00005     2.05578   0.0101298
         253     1.94265     2.05534   0.0100996
         254     1.94248     2.05489   0.0100696
         255     1.97601     2.05458   0.0100349
         256     1.97861     2.05429   0.0100001
         257     1.98555     2.05402  0.00996472
         258     2.00985     2.05385  0.00992756
         259     2.02912     2.05375  0.00988969
         260     2.03258     2.05367  0.00985199
         261     2.04905     2.05365  0.00981426
         262     2.05326     2.05365   0.0097768
         263     2.06471     2.05369  0.00973972
         264     2.06568     2.05374  0.00970293
         265     2.07291     2.05381  0.00966658
         266     2.03781     2.05375  0.00963043
         267     2.00324     2.05356  0.00959622
         268     1.98999     2.05332  0.00956334
         269     2.00242     2.05313  0.00952966
         270     1.99588     2.05292  0.00949673
         271     2.00397     2.05274   0.0094634
         272     2.07519     2.05282  0.00942897
         273     2.06781     2.05288  0.00939459
         274     2.05254     2.05288  0.00936031
         275     2.01258     2.05273  0.00932742
         276     1.94358     2.05234    0.009302
         277     1.93556     2.05191  0.00927797
         278     1.95193     2.05155  0.00925156
         279     1.97409     2.05128  0.00922257
         280     1.98662     2.05105  0.00919252
         281     1.99803     2.05086  0.00916174
         282     1.96413     2.05055  0.00913442
         283     1.93522     2.05014  0.00911123
         284     1.92603     2.04971  0.00908962
         285     1.92654     2.04927  0.00906799
         286     1.94592     2.04891  0.00904348
         287     1.96904     2.04863  0.00901626
         288     1.96823     2.04835  0.00898927
         289     1.96748     2.04807  0.00896252
         290     1.98733     2.04787  0.00893406
         291     1.97579     2.04762  0.00890679
         292     1.94174     2.04725  0.00888367
         293      1.9475     2.04691  0.00885987
         294     1.96583     2.04664  0.00883403
         295     1.96137     2.04635  0.00880881
         296      1.9717      2.0461  0.00878266
         297     1.98729      2.0459  0.00875532
         298     1.98797     2.04571   0.0087281
         299     1.97182     2.04546   0.0087024
         300     1.95006     2.04514   0.0086792
         301     1.92845     2.04475  0.00865902
         302     1.88389     2.04422  0.00864672
         303      1.8916     2.04372  0.00863284
         304     1.91133     2.04328  0.00861542
         305     1.95098     2.04298  0.00859248
         306     1.96098     2.04271  0.00856858
         307     1.98803     2.04253  0.00854252
         308     1.99973     2.04239  0.00851592
         309     2.00237     2.04226  0.00848934
         310     1.99141      2.0421  0.00846354
         311     1.98223     2.04191  0.00843852
         312     2.01761     2.04183  0.00841183
         313     2.01365     2.04174  0.00838544
         314     1.99221     2.04158  0.00836022
         315     1.97816     2.04138   0.0083361
         316     1.94993     2.04109  0.00831474
         317     1.95414     2.04082  0.00829303
         318     1.97626     2.04061  0.00826944
         319     2.01394     2.04053  0.00824394
         320     2.03549     2.04051  0.00821819
         321     2.03067     2.04048  0.00819265
         322     2.03145     2.04045  0.00816725
         323     2.00152     2.04033  0.00814286
         324     1.99913     2.04021  0.00811872
         325     1.99849     2.04008  0.00809475
         326     1.98245      2.0399  0.00807185
         327     1.95462     2.03964  0.00805138
         328     1.94758     2.03936  0.00803172
         329      1.9464     2.03908  0.00801228
         330     1.97236     2.03888  0.00799055
         331     1.99122     2.03873  0.00796771
         332     1.97805     2.03855   0.0079458
         333     2.00443     2.03845   0.0079226
         334     2.04938     2.03848  0.00789895
         335     2.05148     2.03852  0.00787547
         336      2.0144     2.03845  0.00785235
         337     1.99125     2.03831   0.0078303
         338     1.97429     2.03812  0.00780943
         339     1.94116     2.03783  0.00779162
         340     1.94703     2.03756  0.00777328
         341     1.97223     2.03737  0.00775285
         342     1.99806     2.03726  0.00773103
         343      2.0121     2.03718  0.00770884
         344     2.02186     2.03714  0.00768656
         345     2.02821     2.03711  0.00766432
         346     2.02584     2.03708  0.00764224
         347     2.00688     2.03699  0.00762071
         348     2.02418     2.03696   0.0075989
         349     2.03018     2.03694  0.00757716
         350      2.0526     2.03698  0.00755564
         351     2.06919     2.03707  0.00753467
         352     2.03512     2.03707  0.00751327
         353     2.01993     2.03702  0.00749214
         354     2.04245     2.03704  0.00747099
         355     2.07556     2.03714  0.00745073
         356      2.1128     2.03736  0.00743284
         357     2.09805     2.03753  0.00741396
         358     2.06121     2.03759  0.00739354
         359     2.02694     2.03756  0.00737301
         360     2.02143     2.03752  0.00735267
         361     2.01936     2.03747  0.00733247
         362     2.01862     2.03742   0.0073124
         363     2.02301     2.03738  0.00729236
         364     2.00316     2.03728  0.00727293
         365     1.96657     2.03709  0.00725559
         366     1.98208     2.03694  0.00723732
         367     1.94124     2.03668   0.0072223
         368     1.97668     2.03651  0.00720451
         369     2.01004     2.03644  0.00718534
         370     2.00694     2.03636  0.00716637
         371     1.95358     2.03614  0.00715052
         372     1.94042     2.03588  0.00713593
         373     1.95958     2.03568  0.00711973
         374     1.99836     2.03558  0.00710139
         375     1.99692     2.03547   0.0070832
         376      2.0063      2.0354  0.00706479
         377     2.02317     2.03536  0.00704612
         378     2.05742     2.03542  0.00702773
         379      2.0377     2.03543  0.00700918
         380     2.01501     2.03538  0.00699095
         381      1.9815     2.03523  0.00697403
         382     1.99897     2.03514  0.00695642
         383     2.00443     2.03506  0.00693872
         384     2.00294     2.03498  0.00692115
         385     1.97745     2.03483  0.00690478
         386     1.99619     2.03473  0.00688762
         387     2.03793     2.03473  0.00686983
         388     2.02544     2.03471  0.00685217
         389     2.06275     2.03478  0.00683493
         390     2.02697     2.03476  0.00681743
         391     2.05449     2.03481  0.00680018
         392     2.02466     2.03479  0.00678289
         393     1.98862     2.03467  0.00676664
         394     1.97984     2.03453   0.0067509
         395     1.95784     2.03434   0.0067366
         396     1.97017     2.03417  0.00672154
         397     2.00074     2.03409  0.00670513
         398     1.99907       2.034  0.00668886
         399     1.99773     2.03391  0.00667272
         400     1.98608     2.03379  0.00665711
