#BLOCK:   ACTUAL_TE:    TE_AVE:      ERROR:
           1     1.59026     1.59026           0
           2      1.5893     1.58978  0.00033824
           3     1.59338     1.59098  0.00100573
           4     1.59438     1.59183  0.00105419
           5     1.59513     1.59249   0.0010295
           6     1.59439     1.59281 0.000905145
           7     1.59518     1.59315 0.000836812
           8     1.59563     1.59346 0.000787674
           9     1.59583     1.59372 0.000743053
          10     1.59571     1.59392 0.000694832
          11     1.59633     1.59414 0.000665338
          12     1.59667     1.59435 0.000642327
          13     1.59676     1.59453 0.000619054
          14     1.59551      1.5946 0.000578706
          15     1.59693     1.59476 0.000560442
          16     1.59542      1.5948 0.000526949
          17      1.5964     1.59489  0.00050423
          18     1.59569     1.59494 0.000478129
          19     1.59613       1.595  0.00045706
          20     1.59535     1.59502 0.000434547
          21     1.59629     1.59508 0.000418035
          22     1.59579     1.59511 0.000400271
          23     1.59594     1.59515 0.000384469
          24     1.59573     1.59517 0.000369226
          25     1.59641     1.59522 0.000357787
          26     1.59616     1.59526 0.000345836
          27     1.59679     1.59531 0.000337658
          28      1.5964     1.59535 0.000327806
          29     1.59614     1.59538 0.000317634
          30     1.59667     1.59542 0.000309955
          31     1.59602     1.59544  0.00030055
          32     1.59646     1.59547 0.000292837
          33     1.59639      1.5955 0.000285265
          34     1.59618     1.59552 0.000277581
          35      1.5959     1.59553 0.000269863
          36     1.59681     1.59557 0.000264676
          37     1.59607     1.59558 0.000257872
          38     1.59607     1.59559 0.000251404
          39     1.59563      1.5956  0.00024496
          40     1.59717     1.59563 0.000241976
          41      1.5955     1.59563 0.000236095
          42     1.59644     1.59565  0.00023125
          43     1.59652     1.59567 0.000226757
          44     1.59571     1.59567 0.000221606
          45     1.59602     1.59568 0.000216818
          46     1.59589     1.59568 0.000212155
          47     1.59608     1.59569  0.00020781
          48     1.59625      1.5957 0.000203805
          49     1.59591     1.59571 0.000199689
          50     1.59601     1.59571 0.000195788
          51     1.59573     1.59572 0.000191949
          52     1.59642     1.59573 0.000188731
          53     1.59595     1.59573 0.000185218
          54     1.59602     1.59574 0.000181862
          55     1.59611     1.59574 0.000178681
          56     1.59619     1.59575 0.000175668
          57      1.5963     1.59576  0.00017285
          58     1.59612     1.59577 0.000169979
          59     1.59723     1.59579 0.000168902
          60     1.59619      1.5958 0.000166214
          61     1.59649     1.59581 0.000163869
          62     1.59607     1.59582  0.00016128
          63     1.59621     1.59582 0.000158844
          64      1.5965     1.59583 0.000156716
          65     1.59627     1.59584 0.000154449
          66     1.59681     1.59585 0.000152809
          67     1.59676     1.59587 0.000151122
          68     1.59696     1.59588 0.000149757
          69     1.59668     1.59589 0.000148032
          70     1.59644      1.5959 0.000146121
          71     1.59689     1.59592 0.000144727
          72     1.59668     1.59593 0.000143107
          73     1.59653     1.59594 0.000141385
          74     1.59676     1.59595  0.00013991
          75     1.59621     1.59595 0.000138089
          76     1.59656     1.59596 0.000136505
          77      1.5964     1.59596 0.000134852
          78      1.5968     1.59597 0.000133553
          79     1.59683     1.59599 0.000132296
          80     1.59706       1.596  0.00013132
          81     1.59662     1.59601  0.00012992
          82     1.59681     1.59602 0.000128703
          83     1.59678     1.59603 0.000127482
          84     1.59687     1.59604 0.000126359
          85     1.59617     1.59604 0.000124883
          86     1.59706     1.59605 0.000123998
          87     1.59674     1.59606 0.000122827
          88     1.59666     1.59606 0.000121621
          89     1.59661     1.59607  0.00012041
          90     1.59673     1.59608 0.000119298
          91     1.59634     1.59608 0.000118022
          92     1.59661     1.59609 0.000116878
          93     1.59654     1.59609 0.000115722
          94     1.59677      1.5961 0.000114716
          95     1.59636      1.5961 0.000113541
          96     1.59637      1.5961 0.000112393
          97      1.5968     1.59611 0.000111465
          98     1.59683     1.59612 0.000110569
          99      1.5963     1.59612 0.000109468
         100     1.59698     1.59613 0.000108713
         101     1.59675     1.59613 0.000107809
         102     1.59729     1.59615 0.000107346
         103     1.59616     1.59615 0.000106304
         104     1.59662     1.59615 0.000105378
         105     1.59649     1.59615 0.000104424
         106     1.59668     1.59616 0.000103556
         107     1.59594     1.59616 0.000102609
         108     1.59631     1.59616 0.000101668
         109     1.59693     1.59617 0.000100983
         110     1.59733     1.59618 0.000100621
         111     1.59692     1.59618 9.99354e-05
         112     1.59635     1.59618 9.90537e-05
         113     1.59645     1.59619 9.82055e-05
         114     1.59699     1.59619 9.75963e-05
         115     1.59701      1.5962 9.70062e-05
         116     1.59694     1.59621 9.63764e-05
         117      1.5965     1.59621 9.55856e-05
         118     1.59654     1.59621 9.48177e-05
         119     1.59674     1.59622 9.41243e-05
         120     1.59685     1.59622 9.34885e-05
         121      1.5962     1.59622  9.2716e-05
         122     1.59617     1.59622 9.19568e-05
         123     1.59623     1.59622 9.12093e-05
         124      1.5971     1.59623 9.07497e-05
         125     1.59671     1.59623 9.01067e-05
         126     1.59697     1.59624 8.95825e-05
         127     1.59713     1.59625 8.91491e-05
         128     1.59653     1.59625 8.84794e-05
         129     1.59668     1.59625 8.78562e-05
         130      1.5962     1.59625 8.71812e-05
         131     1.59692     1.59626 8.66659e-05
         132     1.59633     1.59626 8.60113e-05
         133     1.59703     1.59626 8.55634e-05
         134     1.59665     1.59627 8.49729e-05
         135     1.59685     1.59627 8.44544e-05
         136     1.59687     1.59627 8.39494e-05
         137     1.59605     1.59627  8.3352e-05
         138     1.59654     1.59627   8.277e-05
         139     1.59642     1.59628 8.21811e-05
         140     1.59661     1.59628 8.16284e-05
         141     1.59703     1.59628 8.12246e-05
         142     1.59698     1.59629 8.08008e-05
         143     1.59691     1.59629 8.03527e-05
         144     1.59604     1.59629 7.98136e-05
         145     1.59621     1.59629 7.92652e-05
         146     1.59676     1.59629 7.87877e-05
         147      1.5965     1.59629 7.82648e-05
         148     1.59706      1.5963 7.79076e-05
         149     1.59635      1.5963 7.73855e-05
         150      1.5964      1.5963 7.68723e-05
         151     1.59718     1.59631 7.65828e-05
         152      1.5964     1.59631 7.60816e-05
         153     1.59598      1.5963 7.56138e-05
         154     1.59654     1.59631 7.51388e-05
         155     1.59699     1.59631 7.47817e-05
         156      1.5966     1.59631 7.43246e-05
         157     1.59667     1.59632 7.38861e-05
         158     1.59633     1.59632 7.34185e-05
         159     1.59669     1.59632 7.29951e-05
         160     1.59595     1.59632 7.25749e-05
         161     1.59645     1.59632 7.21293e-05
         162     1.59729     1.59632 7.19347e-05
         163     1.59574     1.59632 7.15827e-05
         164      1.5965     1.59632 7.11545e-05
         165     1.59632     1.59632 7.07233e-05
         166     1.59675     1.59632 7.03439e-05
         167     1.59696     1.59633 7.00247e-05
         168     1.59629     1.59633 6.96082e-05
         169     1.59635     1.59633 6.91965e-05
         170     1.59682     1.59633 6.88493e-05
         171     1.59641     1.59633 6.84484e-05
         172     1.59699     1.59633 6.81568e-05
         173     1.59671     1.59634 6.77973e-05
         174     1.59615     1.59633 6.74157e-05
         175     1.59697     1.59634 6.71283e-05
         176     1.59631     1.59634 6.67472e-05
         177     1.59619     1.59634 6.63755e-05
         178     1.59704     1.59634 6.61191e-05
         179     1.59684     1.59634  6.5808e-05
         180      1.5965     1.59634 6.54483e-05
         181     1.59644     1.59634 6.50888e-05
         182     1.59607     1.59634 6.47484e-05
         183     1.59658     1.59634 6.44072e-05
         184      1.5968     1.59635 6.41038e-05
         185     1.59679     1.59635 6.38015e-05
         186     1.59582     1.59635 6.35221e-05
         187     1.59634     1.59635 6.31824e-05
         188     1.59674     1.59635 6.28806e-05
         189     1.59666     1.59635 6.25689e-05
         190     1.59693     1.59635  6.2313e-05
         191     1.59757     1.59636  6.2311e-05
         192     1.59607     1.59636 6.20044e-05
         193     1.59653     1.59636 6.16898e-05
         194     1.59717     1.59636 6.15125e-05
         195     1.59642     1.59636 6.11977e-05
         196     1.59674     1.59637  6.0916e-05
         197     1.59657     1.59637 6.06155e-05
         198     1.59641     1.59637 6.03098e-05
         199     1.59653     1.59637 6.00121e-05
         200     1.59675     1.59637 5.97428e-05
         201     1.59612     1.59637 5.94585e-05
         202     1.59661     1.59637 5.91765e-05
         203      1.5969     1.59637 5.89425e-05
         204     1.59632     1.59637 5.86541e-05
         205     1.59656     1.59637 5.83753e-05
         206     1.59663     1.59637  5.8105e-05
         207     1.59638     1.59637 5.78243e-05
         208      1.5963     1.59637 5.75473e-05
         209     1.59675     1.59638 5.72998e-05
         210     1.59638     1.59638  5.7027e-05
         211     1.59688     1.59638 5.68072e-05
         212     1.59683     1.59638 5.65797e-05
         213     1.59672     1.59638 5.63372e-05
         214     1.59695     1.59638 5.61355e-05
         215     1.59622     1.59638 5.58793e-05
         216     1.59639     1.59638 5.56206e-05
         217     1.59653     1.59638 5.53685e-05
         218     1.59692     1.59639 5.51681e-05
         219     1.59636     1.59639 5.49163e-05
         220     1.59687     1.59639 5.47107e-05
         221     1.59662     1.59639 5.44731e-05
         222     1.59667     1.59639 5.42428e-05
         223     1.59625     1.59639 5.40034e-05
         224     1.59608     1.59639 5.37804e-05
         225     1.59645     1.59639  5.3542e-05
         226     1.59731     1.59639 5.34606e-05
         227     1.59609     1.59639 5.32418e-05
         228     1.59599     1.59639 5.30382e-05
         229     1.59681     1.59639 5.28386e-05
         230     1.59565     1.59639 5.27083e-05
         231       1.597     1.59639 5.25467e-05
         232     1.59572     1.59639 5.24003e-05
         233     1.59641     1.59639 5.21755e-05
         234     1.59596     1.59639 5.19843e-05
         235     1.59655     1.59639 5.17679e-05
         236     1.59562     1.59638   5.165e-05
         237     1.59637     1.59638 5.14321e-05
         238     1.59629     1.59638 5.12176e-05
         239     1.59698     1.59639 5.10635e-05
         240      1.5961     1.59639 5.08643e-05
         241     1.59599     1.59638 5.06803e-05
         242     1.59708     1.59639  5.0552e-05
         243     1.59632     1.59639 5.03448e-05
         244     1.59594     1.59638 5.01715e-05
         245     1.59625     1.59638 4.99695e-05
         246     1.59612     1.59638 4.97783e-05
         247     1.59641     1.59638  4.9577e-05
         248     1.59659     1.59638  4.9384e-05
         249     1.59702     1.59639 4.92524e-05
         250     1.59648     1.59639 4.90568e-05
         251     1.59661     1.59639 4.88692e-05
         252     1.59662     1.59639 4.86837e-05
         253       1.597     1.59639 4.85517e-05
         254     1.59634     1.59639  4.8361e-05
         255     1.59601     1.59639 4.81948e-05
         256     1.59658     1.59639 4.80123e-05
         257     1.59601     1.59639 4.78477e-05
         258     1.59643     1.59639 4.76625e-05
         259     1.59613     1.59639 4.74886e-05
         260     1.59668     1.59639 4.73193e-05
         261     1.59581     1.59639 4.71898e-05
         262     1.59672     1.59639 4.70264e-05
         263     1.59604     1.59639 4.68661e-05
         264     1.59603     1.59639 4.67078e-05
         265     1.59702     1.59639 4.65935e-05
         266     1.59687     1.59639 4.64543e-05
         267     1.59643     1.59639 4.62806e-05
         268     1.59661     1.59639 4.61152e-05
         269     1.59714     1.59639 4.60288e-05
         270      1.5958     1.59639 4.59111e-05
         271     1.59592     1.59639 4.57747e-05
         272     1.59608     1.59639 4.56204e-05
         273     1.59692     1.59639 4.54944e-05
         274     1.59657     1.59639 4.53334e-05
         275     1.59751     1.59639 4.53493e-05
         276     1.59747      1.5964 4.53535e-05
         277      1.5965      1.5964 4.51914e-05
         278     1.59639      1.5964 4.50288e-05
         279     1.59629      1.5964 4.48691e-05
         280     1.59671      1.5964 4.47226e-05
         281     1.59677      1.5964 4.45824e-05
         282     1.59693      1.5964 4.44632e-05
         283     1.59733     1.59641 4.44256e-05
         284     1.59642     1.59641 4.42692e-05
         285     1.59669     1.59641 4.41251e-05
         286     1.59661     1.59641 4.39765e-05
         287      1.5966     1.59641 4.38283e-05
         288     1.59645     1.59641 4.36764e-05
         289     1.59687     1.59641  4.3555e-05
         290     1.59671     1.59641  4.3417e-05
         291      1.5968     1.59641 4.32879e-05
         292     1.59701     1.59641 4.31887e-05
         293     1.59677     1.59642 4.30581e-05
         294     1.59649     1.59642 4.29123e-05
         295     1.59641     1.59642 4.27669e-05
         296     1.59688     1.59642 4.26513e-05
         297     1.59698     1.59642 4.25492e-05
         298     1.59627     1.59642 4.24095e-05
         299      1.5969     1.59642 4.22978e-05
         300     1.59687     1.59642 4.21837e-05
         301      1.5972     1.59642 4.21233e-05
         302     1.59672     1.59643 4.19949e-05
         303     1.59674     1.59643 4.18688e-05
         304     1.59641     1.59643 4.17311e-05
         305     1.59624     1.59643 4.15987e-05
         306     1.59679     1.59643 4.14796e-05
         307     1.59641     1.59643 4.13445e-05
         308     1.59638     1.59643 4.12106e-05
         309     1.59666     1.59643 4.10843e-05
         310     1.59705     1.59643 4.10004e-05
         311     1.59706     1.59643 4.09183e-05
         312     1.59633     1.59643 4.07885e-05
         313     1.59634     1.59643 4.06592e-05
         314     1.59722     1.59643 4.06065e-05
         315     1.59709     1.59644 4.05304e-05
         316     1.59623     1.59644 4.04074e-05
         317     1.59654     1.59644 4.02814e-05
         318     1.59665     1.59644 4.01604e-05
         319     1.59623     1.59644 4.00398e-05
         320      1.5965     1.59644 3.99152e-05
         321     1.59709     1.59644 3.98428e-05
         322      1.5964     1.59644 3.97192e-05
         323     1.59687     1.59644 3.96189e-05
         324     1.59664     1.59644 3.95015e-05
         325     1.59676     1.59644  3.9392e-05
         326     1.59681     1.59644 3.92876e-05
         327      1.5969     1.59644 3.91924e-05
         328     1.59665     1.59644 3.90783e-05
         329     1.59663     1.59644 3.89638e-05
         330     1.59637     1.59644 3.88464e-05
         331     1.59634     1.59644 3.87304e-05
         332     1.59677     1.59644  3.8626e-05
         333     1.59601     1.59644 3.85323e-05
         334     1.59593     1.59644  3.8448e-05
         335     1.59671     1.59644 3.83416e-05
         336     1.59695     1.59644 3.82575e-05
         337     1.59656     1.59644 3.81454e-05
         338     1.59667     1.59645 3.80384e-05
         339     1.59687     1.59645 3.79472e-05
         340     1.59642     1.59645 3.78357e-05
         341     1.59575     1.59644 3.77795e-05
         342      1.5973     1.59645 3.77527e-05
         343     1.59611     1.59645 3.76555e-05
         344     1.59647     1.59645 3.75461e-05
         345     1.59678     1.59645   3.745e-05
         346     1.59616     1.59645 3.73512e-05
         347     1.59707     1.59645 3.72864e-05
         348     1.59646     1.59645 3.71792e-05
         349      1.5962     1.59645 3.70796e-05
         350     1.59653     1.59645 3.69745e-05
         351     1.59614     1.59645 3.68796e-05
         352     1.59672     1.59645 3.67833e-05
         353     1.59639     1.59645 3.66794e-05
         354     1.59613     1.59645 3.65866e-05
         355     1.59629     1.59645 3.64861e-05
         356     1.59613     1.59644 3.63942e-05
         357      1.5962     1.59644 3.62986e-05
         358     1.59723     1.59645 3.62634e-05
         359     1.59623     1.59645 3.61674e-05
         360      1.5965     1.59645 3.60672e-05
         361     1.59657     1.59645 3.59689e-05
         362     1.59601     1.59645 3.58894e-05
         363     1.59628     1.59644 3.57935e-05
         364     1.59688     1.59645 3.57151e-05
         365     1.59653     1.59645 3.56181e-05
         366     1.59706     1.59645 3.55605e-05
         367     1.59605     1.59645   3.548e-05
         368      1.5962     1.59645 3.53899e-05
         369     1.59612     1.59645  3.5305e-05
         370     1.59683     1.59645 3.52249e-05
         371     1.59713     1.59645 3.51774e-05
         372      1.5966     1.59645 3.50854e-05
         373     1.59654     1.59645 3.49921e-05
         374     1.59632     1.59645 3.49002e-05
         375     1.59633     1.59645 3.48086e-05
         376     1.59697     1.59645 3.47433e-05
         377     1.59612     1.59645 3.46623e-05
         378     1.59677     1.59645  3.4581e-05
         379     1.59676     1.59645 3.44993e-05
         380     1.59674     1.59645 3.44167e-05
         381     1.59681     1.59645  3.4339e-05
         382     1.59666     1.59645 3.42535e-05
         383     1.59656     1.59645 3.41652e-05
         384     1.59637     1.59645 3.40769e-05
         385     1.59655     1.59645 3.39893e-05
         386     1.59658     1.59645 3.39028e-05
         387     1.59613     1.59645 3.38252e-05
         388     1.59637     1.59645 3.37386e-05
         389     1.59689     1.59645 3.36705e-05
         390     1.59601     1.59645 3.36031e-05
         391     1.59669     1.59645 3.35228e-05
         392     1.59653     1.59645 3.34379e-05
         393     1.59666     1.59645 3.33571e-05
         394     1.59705     1.59645 3.33063e-05
         395     1.59622     1.59645 3.32273e-05
         396      1.5965     1.59645 3.31435e-05
         397     1.59664     1.59645 3.30635e-05
         398     1.59613     1.59645 3.29906e-05
         399     1.59653     1.59645 3.29085e-05
         400     1.59685     1.59646 3.28411e-05
