#BLOCK:  ACTUAL_PE:     PE_AVE:      ERROR:
           1    -1.43643    -1.43643           0
           2    -1.60742    -1.52193   0.0604561
           3    -1.50547    -1.51644   0.0405523
           4    -1.30941    -1.46468   0.0541674
           5    -1.12477     -1.3967   0.0746663
           6   -0.972714    -1.32604   0.0896257
           7   -0.866892    -1.26044    0.097925
           8   -0.791261     -1.2018    0.101742
           9   -0.734243    -1.14985    0.102849
          10   -0.697464    -1.10461    0.102029
          11   -0.682221    -1.06621   0.0997179
          12   -0.645416    -1.03114   0.0973786
          13   -0.585972   -0.996899   0.0957198
          14   -0.566964   -0.966189   0.0936795
          15   -0.584056   -0.940713   0.0908322
          16   -0.583782   -0.918405   0.0878519
          17   -0.575048   -0.898208   0.0849741
          18   -0.580443   -0.880554   0.0820667
          19    -0.58441   -0.864968   0.0792137
          20   -0.604343   -0.851936   0.0763173
          21   -0.636338    -0.84167   0.0733705
          22   -0.618601    -0.83153   0.0707326
          23   -0.619095   -0.822294   0.0682577
          24   -0.628765    -0.81423   0.0658882
          25   -0.620875   -0.806496    0.063705
          26   -0.612319   -0.799028    0.061691
          27   -0.553077   -0.789918   0.0600749
          28   -0.537999   -0.780921   0.0585992
          29    -0.52474   -0.772087   0.0572406
          30   -0.520358   -0.763696   0.0559442
          31   -0.532324   -0.756233   0.0546351
          32   -0.531042   -0.749196   0.0533791
          33   -0.502578   -0.741722    0.052282
          34   -0.487806   -0.734254   0.0512749
          35   -0.506189   -0.727738   0.0502223
          36   -0.524468   -0.722092   0.0491436
          37   -0.503215   -0.716176   0.0481701
          38   -0.516237   -0.710915    0.047189
          39   -0.524273   -0.706129    0.046221
          40   -0.534143   -0.701829    0.045265
          41   -0.511172   -0.697179   0.0443992
          42   -0.517102   -0.692892   0.0435486
          43    -0.49964   -0.688397   0.0427672
          44   -0.497092   -0.684049   0.0420156
          45    -0.49848   -0.679926   0.0412838
          46   -0.518839   -0.676424   0.0405346
          47   -0.529261   -0.673293   0.0397929
          48   -0.542385   -0.670565   0.0390572
          49   -0.538756   -0.667875   0.0383526
          50   -0.527595    -0.66507   0.0376881
          51   -0.531361   -0.662448   0.0370402
          52   -0.507958   -0.659477   0.0364468
          53   -0.525042   -0.656941   0.0358473
          54   -0.488303   -0.653818   0.0353192
          55   -0.515584   -0.651304   0.0347664
          56   -0.507023   -0.648728   0.0342409
          57   -0.490305   -0.645949   0.0337528
          58   -0.481893    -0.64312   0.0332891
          59   -0.457975   -0.639982   0.0328725
          60    -0.43189   -0.636514    0.032507
          61   -0.412244   -0.632837   0.0321814
          62    -0.40409   -0.629148   0.0318731
          63    -0.43124   -0.626006   0.0315216
          64   -0.438518   -0.623077   0.0311649
          65    -0.44625   -0.620356    0.030804
          66   -0.432407   -0.617509   0.0304686
          67   -0.410205   -0.614415   0.0301705
          68   -0.369507   -0.610813    0.029941
          69   -0.364801   -0.607248   0.0297186
          70   -0.360406   -0.603721   0.0295026
          71   -0.357235    -0.60025   0.0292906
          72   -0.343863   -0.596689   0.0290994
          73   -0.338555   -0.593153   0.0289148
          74    -0.33714   -0.589693   0.0287303
          75   -0.364843   -0.586695   0.0285032
          76   -0.384906    -0.58404   0.0282516
          77   -0.415484   -0.581851   0.0279694
          78   -0.396845   -0.579479   0.0277112
          79   -0.366461   -0.576783   0.0274913
          80   -0.360305   -0.574077   0.0272805
          81   -0.339812   -0.571184   0.0270966
          82   -0.346236   -0.568441   0.0269046
          83   -0.312554   -0.565358   0.0267565
          84   -0.314675   -0.562374   0.0266039
          85   -0.333234   -0.559678   0.0264271
          86   -0.343057   -0.557159   0.0262396
          87   -0.322946   -0.554467   0.0260757
          88   -0.298943   -0.551564   0.0259406
          89   -0.307221   -0.548818    0.025794
          90    -0.31022   -0.546167   0.0256433
          91   -0.325559   -0.543743   0.0254758
          92   -0.346198   -0.541596   0.0252892
          93   -0.366804   -0.539716   0.0250871
          94   -0.367358   -0.537882   0.0248871
          95   -0.382446   -0.536246   0.0246788
          96   -0.399797   -0.534825   0.0244627
          97   -0.405025   -0.533487    0.024247
          98    -0.42374   -0.532367   0.0240255
          99    -0.43545   -0.531388   0.0238027
         100    -0.42388   -0.530313    0.023589
         101   -0.422575   -0.529246   0.0233795
         102   -0.419659   -0.528172    0.023175
         103   -0.432923   -0.527247   0.0229684
         104   -0.403155   -0.526054   0.0227785
         105   -0.402807    -0.52488   0.0225918
         106   -0.419239   -0.523883   0.0224007
         107    -0.45028   -0.523196   0.0222019
         108   -0.467743   -0.522682   0.0220022
         109    -0.50954   -0.522562   0.0218007
         110   -0.451223   -0.521913   0.0216122
         111   -0.386996   -0.520698   0.0214516
         112   -0.403749   -0.519653   0.0212855
         113   -0.408293   -0.518668   0.0211199
         114   -0.437414   -0.517955   0.0209467
         115    -0.40184   -0.516945   0.0207889
         116   -0.377951   -0.515747   0.0206441
         117   -0.384666   -0.514627   0.0204981
         118   -0.381508   -0.513499   0.0203554
         119   -0.388941   -0.512452   0.0202112
         120   -0.400534   -0.511519   0.0200643
         121   -0.418178   -0.510748   0.0199133
         122     -0.4283   -0.510072   0.0197615
         123     -0.4769   -0.509802   0.0196027
         124   -0.465306   -0.509444   0.0194479
         125   -0.459169   -0.509041   0.0192965
         126   -0.423798   -0.508365   0.0191552
         127   -0.415328   -0.507632   0.0190184
         128   -0.409611   -0.506867   0.0188852
         129   -0.412794   -0.506137   0.0187529
         130   -0.440034   -0.505629   0.0186155
         131   -0.415346    -0.50494   0.0184862
         132    -0.42578    -0.50434   0.0183559
         133   -0.416165   -0.503677   0.0182298
         134   -0.417398   -0.503033   0.0181051
         135   -0.396143   -0.502241   0.0179883
         136   -0.396756   -0.501466   0.0178728
         137   -0.426094   -0.500916   0.0177508
         138   -0.433451   -0.500427   0.0176289
         139   -0.439338   -0.499987   0.0175075
         140   -0.440711   -0.499564   0.0173876
         141   -0.448484   -0.499201   0.0172681
         142   -0.398684   -0.498494    0.017161
         143   -0.379546   -0.497662   0.0170611
         144   -0.375301   -0.496812   0.0169638
         145   -0.403963   -0.496172   0.0168589
         146   -0.433055   -0.495739   0.0167489
         147   -0.437163   -0.495341   0.0166397
         148   -0.418694   -0.494823   0.0165353
         149   -0.398572   -0.494177    0.016437
         150   -0.412816   -0.493635   0.0163364
         151   -0.397531   -0.492998   0.0162406
         152      -0.378   -0.492242   0.0161513
         153   -0.400402   -0.491641   0.0160569
         154   -0.385897   -0.490955   0.0159673
         155   -0.373981     -0.4902   0.0158821
         156   -0.358208   -0.489354   0.0158028
         157   -0.358534   -0.488521   0.0157241
         158   -0.354139    -0.48767   0.0156476
         159   -0.366457   -0.486908   0.0155678
         160   -0.383932   -0.486264   0.0154838
         161   -0.394015   -0.485691   0.0153982
         162   -0.388439   -0.485091   0.0153148
         163   -0.415561   -0.484664   0.0152268
         164   -0.413879   -0.484233   0.0151401
         165   -0.419867   -0.483843   0.0150533
         166   -0.430398   -0.483521   0.0149661
         167   -0.394788   -0.482989   0.0148859
         168   -0.385762   -0.482411   0.0148086
         169   -0.391385   -0.481872   0.0147307
         170     -0.4116   -0.481459   0.0146499
         171   -0.396214    -0.48096   0.0145727
         172   -0.405633   -0.480522   0.0144945
         173   -0.394425   -0.480025   0.0144193
         174   -0.391621   -0.479516   0.0143454
         175   -0.393658   -0.479026   0.0142718
         176   -0.413398   -0.478653   0.0141956
         177   -0.431835   -0.478388   0.0141178
         178   -0.423589   -0.478081   0.0140419
         179   -0.396441   -0.477625   0.0139708
         180   -0.390293   -0.477139   0.0139016
         181   -0.414611   -0.476794   0.0138291
         182   -0.429371   -0.476533   0.0137556
         183   -0.454336   -0.476412    0.013681
         184   -0.479283   -0.476428   0.0136066
         185   -0.460739   -0.476343   0.0135333
         186    -0.46167   -0.476264   0.0134608
         187   -0.473546   -0.476249   0.0133888
         188   -0.480601   -0.476273   0.0133176
         189   -0.472557   -0.476253   0.0132472
         190    -0.46094   -0.476172   0.0131777
         191   -0.418804   -0.475872   0.0131121
         192   -0.395687   -0.475454   0.0130505
         193   -0.391447   -0.475019   0.0129901
         194   -0.403607   -0.474651   0.0129284
         195   -0.378478   -0.474158   0.0128715
         196   -0.341465   -0.473481   0.0128236
         197   -0.343436   -0.472821   0.0127755
         198   -0.374425   -0.472324   0.0127206
         199   -0.392009    -0.47192   0.0126631
         200    -0.37942   -0.471458   0.0126082
         201   -0.398681   -0.471095   0.0125507
         202   -0.423606    -0.47086   0.0124908
         203   -0.440182   -0.470709   0.0124302
         204   -0.410302   -0.470413   0.0123728
         205   -0.421373   -0.470174   0.0123147
         206   -0.407166   -0.469868   0.0122587
         207   -0.409158   -0.469575    0.012203
         208   -0.430985   -0.469389   0.0121458
         209   -0.452342   -0.469308   0.0120879
         210   -0.467727     -0.4693   0.0120304
         211     -0.4432   -0.469176    0.011974
         212    -0.40689   -0.468883   0.0119211
         213   -0.377064   -0.468452   0.0118729
         214   -0.365301    -0.46797   0.0118272
         215    -0.35937   -0.467464    0.011783
         216   -0.376637   -0.467044   0.0117359
         217   -0.405268   -0.466759   0.0116853
         218   -0.391559   -0.466414   0.0116368
         219   -0.378214   -0.466012   0.0115906
         220   -0.387132   -0.465653   0.0115435
         221   -0.400496   -0.465358    0.011495
         222    -0.37688    -0.46496   0.0114502
         223   -0.374956   -0.464556   0.0114059
         224   -0.412159   -0.464322   0.0113574
         225   -0.449671   -0.464257   0.0113071
         226   -0.410615    -0.46402   0.0112596
         227   -0.360284   -0.463563   0.0112192
         228   -0.369625   -0.463151   0.0111776
         229   -0.369878   -0.462743   0.0111362
         230   -0.376859    -0.46237    0.011094
         231    -0.37643   -0.461998   0.0110522
         232   -0.367856   -0.461592   0.0110121
         233    -0.36439   -0.461175   0.0109727
         234   -0.382492   -0.460839    0.010931
         235   -0.406104   -0.460606   0.0108869
         236   -0.422762   -0.460445    0.010842
         237   -0.458324   -0.460436   0.0107962
         238   -0.465329   -0.460457   0.0107509
         239   -0.470625     -0.4605    0.010706
         240    -0.46127   -0.460503   0.0106614
         241   -0.454386   -0.460477   0.0106172
         242   -0.433858   -0.460367   0.0105739
         243   -0.417857   -0.460192   0.0105318
         244   -0.406374   -0.459972   0.0104909
         245   -0.442634   -0.459901   0.0104484
         246   -0.469349    -0.45994    0.010406
         247    -0.48844   -0.460055   0.0103645
         248    -0.49254   -0.460186   0.0103235
         249   -0.442757   -0.460116   0.0102823
         250   -0.401224    -0.45988   0.0102439
         251   -0.393918   -0.459618   0.0102064
         252   -0.403431   -0.459395   0.0101683
         253   -0.345649   -0.458945   0.0101381
         254   -0.346137   -0.458501   0.0101079
         255   -0.380003   -0.458193   0.0100729
         256   -0.382029   -0.457896    0.010038
         257   -0.389532    -0.45763   0.0100025
         258   -0.413426   -0.457458  0.00996516
         259   -0.432982   -0.457364  0.00992713
         260   -0.435896   -0.457281  0.00988929
         261   -0.453241   -0.457266  0.00985141
         262   -0.456549   -0.457263  0.00981381
         263   -0.468666   -0.457306  0.00977659
         264   -0.469647   -0.457353  0.00973967
         265   -0.475886   -0.457423  0.00970317
         266   -0.440932   -0.457361  0.00966689
         267   -0.406811   -0.457172  0.00963254
         268   -0.393378   -0.456934  0.00959954
         269   -0.405278   -0.456742  0.00956577
         270    -0.40008   -0.456532  0.00953264
         271   -0.408047   -0.456353  0.00949915
         272   -0.479106   -0.456436  0.00946459
         273   -0.470889   -0.456489  0.00943007
         274   -0.455963   -0.456487  0.00939565
         275   -0.415075   -0.456337  0.00936269
         276   -0.346107   -0.455938  0.00933729
         277   -0.339055   -0.455516  0.00931311
         278   -0.355535   -0.455156  0.00928655
         279   -0.377804   -0.454879   0.0092574
         280   -0.389911   -0.454647  0.00922725
         281   -0.401267   -0.454457  0.00919636
         282     -0.3672   -0.454147  0.00916896
         283   -0.337891   -0.453736  0.00914576
         284   -0.329609   -0.453299  0.00912399
         285   -0.329848   -0.452866  0.00910225
         286   -0.349307   -0.452504  0.00907763
         287    -0.37244   -0.452225  0.00905028
         288   -0.371772   -0.451946  0.00902317
         289    -0.37061   -0.451664  0.00899633
         290   -0.390625   -0.451454  0.00896777
         291   -0.378997   -0.451205  0.00894041
         292   -0.344722    -0.45084  0.00891723
         293   -0.350731   -0.450499  0.00889334
         294   -0.369338   -0.450222  0.00886737
         295   -0.364956   -0.449933  0.00884202
         296   -0.374818    -0.44968  0.00881579
         297   -0.390316    -0.44948  0.00878837
         298   -0.391708   -0.449286  0.00876102
         299   -0.374924   -0.449037  0.00873525
         300   -0.353181   -0.448718  0.00871197
         301    -0.33125   -0.448327  0.00869177
         302   -0.287169   -0.447794  0.00867935
         303    -0.29486   -0.447289  0.00866537
         304   -0.314928   -0.446854   0.0086478
         305   -0.354739   -0.446552  0.00862472
         306   -0.364191   -0.446283  0.00860073
         307   -0.391621   -0.446104  0.00857456
         308    -0.40335   -0.445966  0.00854784
         309   -0.405708   -0.445835  0.00852117
         310   -0.394363   -0.445669   0.0084953
         311   -0.385169   -0.445475  0.00847021
         312   -0.421283   -0.445397  0.00844342
         313   -0.417311   -0.445308  0.00841692
         314   -0.394994   -0.445147  0.00839164
         315    -0.38107   -0.444944  0.00836746
         316   -0.353701   -0.444655  0.00834597
         317   -0.357594    -0.44438  0.00832416
         318   -0.379611   -0.444177  0.00830047
         319    -0.41771   -0.444094  0.00827486
         320   -0.438991   -0.444078  0.00824902
         321   -0.433583   -0.444045  0.00822339
         322   -0.435055   -0.444017   0.0081979
         323   -0.404651   -0.443895  0.00817342
         324   -0.402493   -0.443768  0.00814919
         325   -0.401736   -0.443638  0.00812515
         326   -0.385643    -0.44346  0.00810217
         327    -0.35772   -0.443198  0.00808163
         328   -0.350922   -0.442917  0.00806189
         329   -0.349762   -0.442634  0.00804236
         330   -0.375994   -0.442432  0.00802052
         331   -0.394883   -0.442288  0.00799758
         332   -0.381285   -0.442104   0.0079756
         333   -0.408423   -0.442003  0.00795229
         334   -0.453453   -0.442038  0.00792855
         335   -0.454768   -0.442076  0.00790498
         336   -0.417452   -0.442002  0.00788179
         337    -0.39469   -0.441862  0.00785965
         338   -0.377622   -0.441672   0.0078387
         339   -0.344283   -0.441384  0.00782084
         340   -0.350613   -0.441118  0.00780239
         341    -0.37648   -0.440928  0.00778181
         342   -0.400754    -0.44081  0.00775994
         343   -0.415987   -0.440738  0.00773766
         344   -0.425389   -0.440694  0.00771529
         345   -0.431429   -0.440667  0.00769298
         346   -0.429688   -0.440635  0.00767081
         347   -0.409814   -0.440546  0.00764921
         348   -0.427713   -0.440509  0.00762732
         349   -0.433982   -0.440491  0.00760549
         350   -0.456071   -0.440535  0.00758389
         351   -0.473056   -0.440628  0.00756285
         352   -0.438393   -0.440621  0.00754137
         353   -0.423536   -0.440573  0.00752016
         354   -0.446322   -0.440589  0.00749893
         355   -0.479263   -0.440698   0.0074786
         356   -0.516671   -0.440912  0.00746064
         357    -0.50185   -0.441082  0.00744169
         358   -0.463978   -0.441146  0.00742118
         359   -0.430711   -0.441117  0.00740057
         360   -0.424932   -0.441072  0.00738015
         361   -0.422795   -0.441022  0.00735988
         362   -0.422607   -0.440971  0.00733972
         363   -0.426732   -0.440931  0.00731961
         364   -0.406279   -0.440836  0.00730012
         365   -0.370034   -0.440642  0.00728269
         366   -0.385015    -0.44049  0.00726438
         367   -0.345189   -0.440231  0.00724923
         368    -0.38048   -0.440068  0.00723134
         369   -0.413919   -0.439997  0.00721209
         370   -0.410112   -0.439917  0.00719305
         371   -0.356455   -0.439692  0.00717718
         372    -0.34382   -0.439434  0.00716252
         373   -0.363044   -0.439229  0.00714624
         374   -0.402033    -0.43913  0.00712782
         375   -0.400596   -0.439027  0.00710956
         376   -0.409334   -0.438948  0.00709109
         377   -0.427056   -0.438916  0.00707235
         378   -0.460652   -0.438974  0.00705387
         379   -0.440946   -0.438979  0.00703526
         380   -0.418275   -0.438925  0.00701696
         381   -0.384698   -0.438782  0.00699999
         382   -0.402305   -0.438687  0.00698231
         383   -0.407876   -0.438606  0.00696455
         384   -0.406571   -0.438523  0.00694691
         385   -0.380906   -0.438373  0.00693048
         386   -0.399615   -0.438273  0.00691325
         387   -0.441797   -0.438282  0.00689539
         388   -0.429069   -0.438258  0.00687766
         389   -0.465862   -0.438329  0.00686035
         390   -0.430955    -0.43831  0.00684278
         391   -0.457796    -0.43836  0.00682546
         392   -0.428124   -0.438334   0.0068081
         393   -0.391958   -0.438216   0.0067918
         394   -0.382791   -0.438075  0.00677602
         395   -0.361625   -0.437882  0.00676163
         396   -0.373672    -0.43772   0.0067465
         397   -0.404096   -0.437635  0.00673003
         398   -0.402944   -0.437548  0.00671369
         399   -0.401192   -0.437457  0.00669748
         400   -0.389228   -0.437336  0.00668182
         401   -0.406046   -0.437258  0.00666562
         402   -0.389101   -0.437138  0.00665011
         403   -0.404174   -0.437056  0.00663411
         404   -0.421961   -0.437019   0.0066178
         405   -0.442757   -0.437033  0.00660147
         406    -0.40285   -0.436949  0.00658575
         407   -0.374976   -0.436797  0.00657133
         408   -0.386648   -0.436674  0.00655637
         409   -0.388568   -0.436556   0.0065414
         410   -0.395777   -0.436457   0.0065262
         411   -0.407124   -0.436385  0.00651071
         412    -0.39248   -0.436279  0.00649578
         413    -0.39151    -0.43617  0.00648095
         414   -0.387074   -0.436052  0.00646638
         415   -0.428032   -0.436033  0.00645083
         416   -0.466871   -0.436107  0.00643575
         417   -0.458013   -0.436159  0.00642053
         418    -0.42779   -0.436139   0.0064052
         419   -0.397807   -0.436048  0.00639057
         420   -0.386262   -0.435929  0.00637645
         421   -0.395392   -0.435833  0.00636203
         422   -0.403742   -0.435757  0.00634741
         423   -0.420606   -0.435721  0.00633251
         424   -0.399741   -0.435636  0.00631814
         425   -0.373585    -0.43549  0.00630496
         426   -0.367489   -0.435331  0.00629218
         427    -0.34875   -0.435128  0.00628071
         428   -0.361549   -0.434956  0.00626839
         429   -0.347226   -0.434751  0.00625711
         430   -0.347155   -0.434548  0.00624588
         431    -0.33448   -0.434315   0.0062357
         432   -0.338314   -0.434093  0.00622522
         433   -0.333314    -0.43386   0.0062152
         434   -0.337815   -0.433639  0.00620481
         435   -0.343149   -0.433431  0.00619404
         436   -0.362722   -0.433269  0.00618195
         437   -0.375402   -0.433137  0.00616922
         438   -0.381855   -0.433019  0.00615625
         439   -0.368331   -0.432872  0.00614399
         440   -0.356823   -0.432699  0.00613246
         441   -0.383032   -0.432587  0.00611958
         442   -0.391397   -0.432493  0.00610645
         443   -0.417338   -0.432459  0.00609276
         444   -0.435716   -0.432467  0.00607904
         445   -0.430942   -0.432463  0.00606538
         446   -0.421743   -0.432439  0.00605183
         447   -0.362806   -0.432283   0.0060403
         448   -0.331784   -0.432059  0.00603098
         449   -0.361397   -0.431902   0.0060196
         450   -0.378545   -0.431783  0.00600739
         451   -0.370292   -0.431647  0.00599562
         452   -0.360045   -0.431488  0.00598444
         453   -0.347496   -0.431303   0.0059741
         454   -0.346527   -0.431116  0.00596386
         455    -0.34427   -0.430925  0.00595381
         456   -0.376279   -0.430805  0.00594196
         457   -0.396323    -0.43073  0.00592944
         458   -0.390827   -0.430643  0.00591713
         459   -0.378283   -0.430529  0.00590534
         460   -0.369527   -0.430396  0.00589399
         461   -0.363096    -0.43025  0.00588301
         462   -0.377004   -0.430135  0.00587141
         463   -0.358845   -0.429981  0.00586074
         464   -0.351662   -0.429812  0.00585054
         465    -0.36261   -0.429668  0.00583975
         466   -0.365563    -0.42953  0.00582883
         467   -0.403507   -0.429474  0.00581662
         468   -0.438282   -0.429493  0.00580422
         469   -0.421292   -0.429476  0.00579187
         470   -0.441003     -0.4295   0.0057796
         471   -0.404332   -0.429447  0.00576758
         472   -0.363076   -0.429306  0.00575707
         473   -0.385218   -0.429213  0.00574565
         474   -0.382378   -0.429114  0.00573438
         475   -0.386654   -0.429025  0.00572301
         476   -0.355137    -0.42887  0.00571309
         477   -0.326949   -0.428656  0.00570511
         478   -0.324399   -0.428438  0.00569734
         479   -0.312615   -0.428196  0.00569057
         480   -0.366749   -0.428068  0.00568016
         481   -0.415437   -0.428042  0.00566841
         482   -0.420336   -0.428026  0.00565667
         483   -0.414434   -0.427998  0.00564503
         484   -0.403051   -0.427946   0.0056336
         485   -0.374442   -0.427836  0.00562307
         486   -0.365174   -0.427707  0.00561297
         487   -0.374031   -0.427597  0.00560253
         488   -0.412306   -0.427565  0.00559114
         489    -0.42782   -0.427566   0.0055797
         490    -0.42937   -0.427569  0.00556832
         491   -0.403917   -0.427521  0.00555718
         492   -0.412033    -0.42749  0.00554598
         493   -0.407732    -0.42745  0.00553487
         494   -0.424714   -0.427444  0.00552367
         495   -0.423188   -0.427436  0.00551252
         496   -0.444809   -0.427471  0.00550152
         497    -0.46314   -0.427542  0.00549092
         498     -0.4536   -0.427595  0.00548014
         499   -0.439979    -0.42762  0.00546921
         500   -0.472471   -0.427709  0.00545901
