#BLOCK:   ACTUAL_T:     T_AVE:       ERROR:
           1     1.37912     1.37912           0
           2     1.35761     1.36836  0.00760336
           3     1.36699      1.3679  0.00508275
           4     1.37323     1.36924  0.00398262
           5     1.36084     1.36756   0.0035222
           6     1.34639     1.36403  0.00435776
           7     1.34754     1.36167  0.00432539
           8     1.33618     1.35849   0.0048179
           9     1.33904     1.35633  0.00474231
          10     1.33397     1.35409  0.00476581
          11     1.35081     1.35379  0.00434187
          12     1.34957     1.35344   0.0039943
          13     1.33919     1.35234  0.00383451
          14     1.31397      1.3496  0.00443326
          15     1.30748      1.3468  0.00494773
          16     1.31426     1.34476   0.0050391
          17     1.33354      1.3441  0.00478574
          18     1.34079     1.34392   0.0045234
          19     1.34497     1.34397  0.00428567
          20     1.34093     1.34382  0.00407409
          21     1.30869     1.34215  0.00420952
          22     1.27267     1.33899   0.0050661
          23     1.28074     1.33646  0.00544219
          24     1.28266     1.33422  0.00565824
          25     1.30124      1.3329  0.00558353
          26     1.32226     1.33249  0.00538374
          27     1.31922       1.332   0.0052067
          28     1.32063     1.33159  0.00503656
          29      1.3068     1.33074  0.00493487
          30     1.33414     1.33085  0.00477168
          31     1.35829     1.33173  0.00469915
          32     1.34504     1.33215  0.00457066
          33     1.35659     1.33289  0.00449178
          34     1.33335      1.3329  0.00435969
          35     1.30769     1.33218  0.00429422
          36     1.30614     1.33146  0.00423543
          37     1.29883     1.33058  0.00421178
          38      1.3036     1.32987  0.00416036
          39     1.31611     1.32952  0.00406862
          40      1.3067     1.32895  0.00400668
          41     1.31072      1.3285  0.00393353
          42     1.31693     1.32823  0.00384951
          43     1.32509     1.32815  0.00376068
          44     1.32865     1.32816  0.00367522
          45     1.31503     1.32787  0.00360512
          46     1.29361     1.32713  0.00360288
          47     1.29569     1.32646  0.00358778
          48     1.29615     1.32583  0.00356817
          49     1.30442     1.32539    0.003522
          50     1.31143     1.32511  0.00346261
          51     1.31671     1.32495  0.00339864
          52     1.30513     1.32456  0.00335458
          53     1.28542     1.32383   0.0033716
          54     1.30655     1.32351  0.00332431
          55     1.34571     1.32391  0.00328828
          56     1.35198     1.32441  0.00326755
          57     1.35433     1.32494  0.00325211
          58     1.34234     1.32524  0.00320986
          59     1.32471     1.32523  0.00315547
          60     1.31931     1.32513  0.00310442
          61     1.30251     1.32476   0.0030756
          62     1.31041     1.32453  0.00303469
          63     1.32048     1.32446  0.00298719
          64     1.31374     1.32429  0.00294521
          65     1.30297     1.32397  0.00291811
          66     1.29371     1.32351  0.00290967
          67     1.29153     1.32303  0.00290513
          68     1.29329     1.32259  0.00289515
          69     1.29785     1.32223  0.00287531
          70     1.28548     1.32171  0.00288177
          71     1.28999     1.32126  0.00287559
          72     1.29643     1.32092  0.00285626
          73     1.31286     1.32081  0.00281927
          74     1.32045      1.3208  0.00278117
          75     1.32149     1.32081   0.0027441
          76     1.31746     1.32077  0.00270835
          77     1.32282     1.32079  0.00267331
          78     1.32676     1.32087  0.00264013
          79     1.31755     1.32083  0.00260705
          80     1.32694     1.32091  0.00257557
          81     1.32466     1.32095  0.00254419
          82     1.31554     1.32089  0.00251402
          83     1.32822     1.32097  0.00248529
          84     1.33121      1.3211  0.00245869
          85     1.32433     1.32113  0.00243006
          86     1.32878     1.32122  0.00240342
          87     1.32653     1.32128  0.00237657
          88     1.33638     1.32146  0.00235575
          89     1.35505     1.32183  0.00235932
          90     1.34369     1.32208  0.00234557
          91     1.33481     1.32222  0.00232396
          92     1.34076     1.32242  0.00230742
          93     1.34262     1.32263  0.00229282
          94     1.33527     1.32277  0.00227236
          95     1.33786     1.32293  0.00225399
          96     1.33603     1.32306  0.00223464
          97     1.33575      1.3232  0.00221542
          98     1.33777     1.32334   0.0021978
          99     1.34026     1.32351  0.00218224
         100     1.32922     1.32357  0.00216116
         101     1.31872     1.32352   0.0021403
         102     1.31537     1.32344  0.00212081
         103     1.32128     1.32342  0.00210032
         104     1.33271     1.32351  0.00208202
         105     1.33679     1.32364  0.00206603
         106     1.32075     1.32361  0.00204672
         107     1.33937     1.32376  0.00203288
         108     1.34038     1.32391  0.00201987
         109     1.32104     1.32389  0.00200151
         110     1.30798     1.32374  0.00198853
         111     1.30519     1.32357  0.00197763
         112     1.30276     1.32339  0.00196868
         113     1.31504     1.32331  0.00195265
         114      1.3251     1.32333  0.00193558
         115     1.31661     1.32327  0.00191963
         116     1.30771     1.32314  0.00190776
         117     1.31243     1.32305  0.00189365
         118     1.29323     1.32279  0.00189439
         119     1.29968      1.3226   0.0018884
         120     1.29489     1.32237  0.00188673
         121     1.30495     1.32222  0.00187662
         122     1.29571     1.32201  0.00187378
         123     1.29805     1.32181  0.00186864
         124     1.31227     1.32174  0.00185515
         125     1.32637     1.32177  0.00184068
         126     1.31852     1.32175  0.00182626
         127     1.32337     1.32176  0.00181192
         128     1.32192     1.32176  0.00179776
         129     1.31824     1.32173  0.00178404
         130     1.32227     1.32174  0.00177032
         131      1.3315     1.32181  0.00175837
         132     1.33852     1.32194   0.0017496
         133     1.34791     1.32213  0.00174731
         134     1.32901     1.32219  0.00173502
         135     1.30034     1.32202   0.0017297
         136     1.31147     1.32195  0.00171872
         137     1.31778     1.32192  0.00170645
         138     1.30995     1.32183  0.00169628
         139     1.30351      1.3217  0.00168919
         140     1.31461     1.32165  0.00167788
         141     1.32585     1.32168  0.00166625
         142     1.31311     1.32162  0.00165561
         143     1.29693     1.32144    0.001653
         144     1.30424     1.32132  0.00164584
         145     1.31801      1.3213  0.00163465
         146     1.32308     1.32131   0.0016235
         147      1.3142     1.32126  0.00161317
         148     1.32764     1.32131  0.00160285
         149     1.31721     1.32128  0.00159233
         150     1.31954     1.32127  0.00158175
         151      1.3121     1.32121  0.00157244
         152     1.31467     1.32116  0.00156269
         153     1.33833     1.32128   0.0015565
         154     1.33809     1.32139  0.00155021
         155     1.32248     1.32139  0.00154023
         156     1.30424     1.32128  0.00153427
         157     1.31661     1.32125  0.00152479
         158      1.3353     1.32134  0.00151773
         159     1.33232     1.32141  0.00150975
         160      1.2999     1.32128  0.00150629
         161     1.27645       1.321  0.00152245
         162     1.27758     1.32073  0.00153647
         163     1.29149     1.32055  0.00153748
         164     1.30745     1.32047  0.00153017
         165      1.3113     1.32042  0.00152191
         166     1.30449     1.32032  0.00151576
         167     1.30677     1.32024  0.00150886
         168     1.31687     1.32022  0.00150001
         169     1.34129     1.32034  0.00149631
         170     1.33907     1.32045  0.00149156
         171     1.32261     1.32047  0.00148289
         172     1.31995     1.32046  0.00147427
         173     1.33344     1.32054  0.00146765
         174     1.32913     1.32059  0.00146005
         175     1.32377     1.32061  0.00145182
         176     1.32917     1.32065  0.00144438
         177     1.32944      1.3207  0.00143708
         178     1.31173     1.32065  0.00142989
         179      1.2833     1.32044  0.00143704
         180     1.26777     1.32015  0.00145856
         181     1.28517     1.31996  0.00146325
         182       1.302     1.31986  0.00145853
         183     1.30885      1.3198   0.0014518
         184     1.32036      1.3198  0.00144392
         185     1.32221     1.31982  0.00143617
         186     1.30358     1.31973   0.0014311
         187     1.29694     1.31961  0.00142863
         188     1.30434     1.31953  0.00142333
         189     1.31515      1.3195  0.00141599
         190     1.30504     1.31943  0.00141058
         191     1.28226     1.31923  0.00141656
         192     1.28046     1.31903   0.0014235
         193     1.28258     1.31884   0.0014286
         194      1.2752     1.31862  0.00143884
         195     1.26165     1.31832  0.00146082
         196     1.25689     1.31801  0.00148661
         197     1.27138     1.31777  0.00149779
         198     1.30363      1.3177  0.00149193
         199     1.33498     1.31779  0.00148695
         200     1.33926      1.3179  0.00148339
         201     1.33744     1.31799  0.00147919
         202     1.31898       1.318  0.00147188
         203      1.2958     1.31789  0.00146868
         204      1.2922     1.31776  0.00146687
         205     1.32941     1.31782  0.00146082
         206     1.35222     1.31799  0.00146324
         207     1.34135      1.3181  0.00146052
         208     1.31715      1.3181   0.0014535
         209      1.3136     1.31807  0.00144671
         210     1.29017     1.31794  0.00144591
         211     1.29029     1.31781  0.00144498
         212     1.28588     1.31766  0.00144599
         213     1.26761     1.31742  0.00145817
         214     1.26777     1.31719  0.00146971
         215     1.26601     1.31695  0.00148202
         216     1.26611     1.31672  0.00149373
         217      1.2916      1.3166  0.00149133
         218     1.27932     1.31643  0.00149426
         219     1.28707      1.3163  0.00149344
         220     1.27291      1.3161  0.00149962
         221     1.29715     1.31602  0.00149528
         222     1.31135     1.31599   0.0014887
         223     1.32764     1.31605  0.00148294
         224     1.31781     1.31605  0.00147634
         225     1.34978      1.3162  0.00147736
         226     1.34801     1.31634  0.00147751
         227     1.33745     1.31644  0.00147393
         228     1.31564     1.31643  0.00146747
         229     1.31767     1.31644  0.00146107
         230     1.32415     1.31647   0.0014551
         231     1.31617     1.31647   0.0014488
         232     1.32474     1.31651  0.00144299
         233     1.34017     1.31661  0.00144037
         234     1.34495     1.31673   0.0014393
         235     1.34876     1.31687  0.00143961
         236     1.35672     1.31704  0.00144338
         237     1.36611     1.31724  0.00145207
         238     1.37846      1.3175  0.00146857
         239     1.35276     1.31765  0.00146982
         240     1.34424     1.31776  0.00146787
         241     1.32783      1.3178  0.00146237
         242     1.30194     1.31773   0.0014578
         243     1.30465     1.31768  0.00145279
         244     1.32367     1.31771  0.00144705
         245     1.32385     1.31773  0.00144136
         246     1.31478     1.31772  0.00143555
         247     1.29058     1.31761  0.00143393
         248     1.26731     1.31741  0.00144242
         249     1.26984     1.31721  0.00144922
         250     1.29341     1.31712  0.00144655
         251     1.29848     1.31704  0.00144269
         252     1.29237     1.31695  0.00144029
         253     1.27988      1.3168  0.00144203
         254     1.29567     1.31672  0.00143875
         255     1.29979     1.31665  0.00143464
         256     1.30718     1.31661  0.00142951
         257     1.32527     1.31665  0.00142434
         258     1.34743     1.31677  0.00142381
         259     1.35084      1.3169  0.00142438
         260     1.32519     1.31693  0.00141926
         261     1.30021     1.31687  0.00141527
         262     1.27806     1.31672  0.00141759
         263     1.28761     1.31661  0.00141652
         264     1.29612     1.31653  0.00141328
         265     1.30513     1.31649   0.0014086
         266     1.32406     1.31652  0.00140359
         267     1.32559     1.31655  0.00139875
         268     1.32259     1.31657  0.00139371
         269     1.35124      1.3167  0.00139447
         270      1.3654     1.31688  0.00140093
         271     1.36729     1.31707  0.00140805
         272     1.35566     1.31721     0.00141
         273     1.33282     1.31727    0.001406
         274     1.33635     1.31734  0.00140259
         275     1.30595     1.31729   0.0013981
         276     1.31462     1.31728  0.00139307
         277     1.30583     1.31724  0.00138865
         278     1.29096     1.31715  0.00138687
         279     1.26796     1.31697  0.00139307
         280     1.26262     1.31678  0.00140155
         281     1.26542      1.3166  0.00140843
         282     1.28042     1.31647  0.00140927
         283     1.28364     1.31635  0.00140905
         284      1.2947     1.31628  0.00140615
         285     1.29401      1.3162  0.00140339
         286     1.29384     1.31612  0.00140066
         287     1.29978     1.31606  0.00139693
         288     1.30665     1.31603  0.00139246
         289     1.32084     1.31605  0.00138775
         290     1.32711     1.31608  0.00138348
         291     1.30909     1.31606  0.00137894
         292     1.31285     1.31605  0.00137426
         293     1.31142     1.31603  0.00136966
         294     1.31709     1.31604  0.00136501
         295     1.30372       1.316  0.00136102
         296     1.28478     1.31589   0.0013605
         297     1.29269     1.31581  0.00135816
         298     1.32705     1.31585  0.00135413
         299     1.32191     1.31587  0.00134975
         300     1.32753     1.31591  0.00134581
         301     1.32609     1.31594  0.00134176
         302      1.3287     1.31598  0.00133798
         303     1.30991     1.31596  0.00133372
         304     1.28359     1.31586  0.00133358
         305     1.30273     1.31581   0.0013299
         306     1.31678     1.31582  0.00132556
         307     1.31081      1.3158  0.00132134
         308     1.29775     1.31574  0.00131835
         309     1.30259      1.3157  0.00131477
         310     1.29899     1.31565  0.00131163
         311     1.32128     1.31566  0.00130754
         312     1.34503     1.31576  0.00130673
         313     1.37393     1.31594  0.00131571
         314     1.35543     1.31607  0.00131751
         315     1.33173     1.31612  0.00131427
         316     1.32744     1.31616   0.0013106
         317     1.31903     1.31617  0.00130649
         318     1.32627      1.3162  0.00130277
         319     1.32118     1.31621  0.00129878
         320     1.32324     1.31623  0.00129491
         321     1.32499     1.31626  0.00129116
         322     1.34263     1.31634  0.00128975
         323     1.33822     1.31641  0.00128753
         324     1.33073     1.31646  0.00128432
         325     1.34123     1.31653  0.00128262
         326     1.36083     1.31667  0.00128587
         327     1.37432     1.31684  0.00129396
         328     1.36161     1.31698   0.0012972
         329     1.32563     1.31701  0.00129352
         330     1.29946     1.31695  0.00129069
         331     1.30124     1.31691  0.00128767
         332     1.31119     1.31689   0.0012839
         333     1.32423     1.31691  0.00128024
         334     1.34057     1.31698  0.00127836
         335     1.33158     1.31703  0.00127529
         336     1.33879     1.31709  0.00127314
         337     1.35681     1.31721   0.0012748
         338      1.3713     1.31737  0.00128104
         339     1.36928     1.31752  0.00128638
         340     1.35307     1.31763  0.00128683
         341     1.32135     1.31764  0.00128311
         342      1.3299     1.31767  0.00127986
         343     1.31791     1.31767  0.00127613
         344     1.31429     1.31766  0.00127245
         345      1.3279     1.31769  0.00126911
         346     1.33857     1.31775  0.00126688
         347      1.3412     1.31782  0.00126503
         348     1.29742     1.31776  0.00126275
         349     1.28188     1.31766  0.00126331
         350     1.28955     1.31758  0.00126225
         351     1.27868     1.31747  0.00126351
         352     1.27172     1.31734  0.00126659
         353     1.27962     1.31723   0.0012675
         354     1.29882     1.31718  0.00126498
         355     1.32672     1.31721  0.00126171
         356     1.34428     1.31728  0.00126045
         357     1.33561     1.31733  0.00125797
         358     1.33749     1.31739  0.00125571
         359     1.35031     1.31748  0.00125556
         360     1.36093      1.3176  0.00125786
         361     1.36759     1.31774  0.00126197
         362     1.37801     1.31791  0.00126942
         363     1.37439     1.31806  0.00127542
         364     1.35474     1.31816  0.00127589
         365     1.34559     1.31824  0.00127461
         366     1.35958     1.31835  0.00127612
         367     1.35109     1.31844  0.00127576
         368     1.34269     1.31851  0.00127399
         369     1.34291     1.31857  0.00127225
         370      1.3468     1.31865   0.0012711
         371     1.35364     1.31874  0.00127117
         372     1.35844     1.31885  0.00127222
         373     1.36055     1.31896  0.00127371
         374     1.33364       1.319  0.00127091
         375     1.30401     1.31896  0.00126815
         376     1.28838     1.31888  0.00126738
         377     1.31489     1.31887  0.00126407
         378     1.30516     1.31883  0.00126124
         379     1.28604     1.31875  0.00126088
         380     1.28338     1.31865  0.00126099
         381      1.3005     1.31861  0.00125858
         382     1.29502     1.31854   0.0012568
         383     1.26803     1.31841  0.00126042
         384      1.2656     1.31827  0.00126462
         385     1.29593     1.31822  0.00126267
         386     1.31936     1.31822   0.0012594
         387      1.3298     1.31825   0.0012565
         388     1.34188     1.31831  0.00125474
         389     1.34773     1.31839  0.00125379
         390     1.34969     1.31847  0.00125314
         391      1.3632     1.31858  0.00125515
         392     1.36738     1.31871   0.0012581
         393     1.37703     1.31885  0.00126362
         394     1.37857     1.31901  0.00126947
         395     1.34771     1.31908  0.00126834
         396     1.33528     1.31912   0.0012658
         397     1.33072     1.31915  0.00126294
         398     1.34301     1.31921  0.00126119
         399     1.34759     1.31928  0.00126004
         400     1.35224     1.31936  0.00125958
         401     1.36271     1.31947  0.00126107
         402     1.34068     1.31952  0.00125903
         403     1.34146     1.31958  0.00125709
         404     1.33952     1.31963  0.00125494
         405     1.35035      1.3197  0.00125414
         406     1.36804     1.31982  0.00125668
         407     1.34629     1.31989  0.00125528
         408     1.33791     1.31993  0.00125298
         409     1.34964        1.32  0.00125202
         410     1.34497     1.32006  0.00125045
         411     1.33932     1.32011  0.00124828
         412     1.32796     1.32013   0.0012454
         413     1.31249     1.32011  0.00124252
         414     1.30789     1.32008  0.00123987
         415     1.30372     1.32004  0.00123751
         416     1.29844     1.31999  0.00123562
         417     1.30447     1.31995  0.00123322
         418     1.31771     1.31995  0.00123028
         419     1.35433     1.32003  0.00123008
         420     1.34129     1.32008  0.00122819
         421     1.28042     1.31999  0.00122888
         422     1.25159     1.31982  0.00123661
         423     1.26061     1.31968  0.00124159
         424     1.28734     1.31961    0.001241
         425     1.29134     1.31954  0.00123986
         426     1.29675     1.31949   0.0012381
         427     1.28931     1.31942  0.00123722
         428     1.29613     1.31936  0.00123552
         429     1.26757     1.31924  0.00123853
         430     1.26138     1.31911  0.00124294
         431     1.28778     1.31904  0.00124218
         432     1.30259       1.319  0.00123988
         433     1.29436     1.31894  0.00123833
         434     1.27472     1.31884  0.00123966
         435     1.28031     1.31875  0.00123997
         436     1.29326     1.31869   0.0012385
         437      1.3034     1.31866  0.00123616
         438     1.32235     1.31866  0.00123337
         439     1.33995     1.31871  0.00123151
         440     1.35407     1.31879  0.00123133
         441      1.3817     1.31894  0.00123677
         442     1.34428     1.31899   0.0012353
         443     1.31968       1.319  0.00123252
         444     1.30852     1.31897  0.00122996
         445     1.31634     1.31897  0.00122722
         446     1.32277     1.31897  0.00122449
         447     1.31331     1.31896  0.00122182
         448     1.31191     1.31895  0.00121919
         449     1.30535     1.31892  0.00121685
         450     1.30721     1.31889  0.00121443
         451     1.31541     1.31888  0.00121176
         452     1.29947     1.31884  0.00120984
         453      1.3055     1.31881  0.00120753
         454     1.29588     1.31876  0.00120592
         455     1.29297      1.3187   0.0012046
         456      1.2828     1.31862  0.00120453
         457     1.28555     1.31855  0.00120407
         458     1.30786     1.31853  0.00120167
         459      1.3316     1.31856  0.00119939
         460     1.34295     1.31861  0.00119795
         461     1.32196     1.31862  0.00119537
         462     1.31521     1.31861  0.00119281
         463     1.30344     1.31858  0.00119068
         464      1.2861     1.31851  0.00119017
         465     1.26976      1.3184  0.00119222
         466     1.27538     1.31831  0.00119323
         467      1.2854     1.31824  0.00119275
         468     1.28812     1.31817  0.00119194
         469     1.27828     1.31809  0.00119243
         470     1.25829     1.31796  0.00119666
         471     1.25142     1.31782  0.00120243
         472      1.2573     1.31769   0.0012067
         473     1.26949     1.31759  0.00120845
         474     1.27027     1.31749  0.00121001
         475     1.27547      1.3174  0.00121069
         476     1.29621     1.31736  0.00120897
         477     1.30844     1.31734  0.00120658
         478     1.29751      1.3173  0.00120477
         479     1.30817     1.31728   0.0012024
         480     1.29801     1.31724  0.00120057
         481     1.30137     1.31721  0.00119853
         482     1.29433     1.31716  0.00119698
         483     1.28316     1.31709  0.00119657
         484     1.29887     1.31705  0.00119469
         485     1.29974     1.31701  0.00119276
         486     1.30682     1.31699  0.00119049
         487     1.28326     1.31692  0.00119006
         488     1.26947     1.31683  0.00119158
         489      1.2809     1.31675  0.00119141
         490     1.30002     1.31672  0.00118947
         491     1.31751     1.31672  0.00118705
         492     1.32833     1.31674  0.00118487
         493     1.30559     1.31672  0.00118268
         494     1.29347     1.31667  0.00118122
         495     1.30955     1.31666  0.00117893
         496     1.32192     1.31667   0.0011766
         497     1.31729     1.31667  0.00117423
         498     1.29812     1.31663  0.00117246
         499     1.29084     1.31658  0.00117125
         500     1.29363     1.31654  0.00116981
